0.00000000000000000000 0.00000000000000000000 0.00000000000000000000 0.00000000000000000000 0.00000000000000000000 0.00000000000000000000 
6378137.00000000000000000000 
806.81106492269884711277 
68.07401127678176067093 
0.00000765439925265441 
160.00000000000000000000 
1.00000000000000000000 
1.00000000000000000000 
1.00000000000000000000 
0.42546257047988600419 
2.00000000000000000000 
1.61128181865546671325 
1.00085352574724506525 
1.00000000000000000000 
109.09141650610514773234 
0.00000000000000000000 
0.01000000000000000021 
