0.00000000000000000000 0.00000000000000000000 0.00000000000000000000 0.00000000000000000000 0.00000000000000000000 0.00000000000000000000 
6378137.00000000000000000000 
806.81106492269884711277 
13.01844866674278478058 
0.00000765439925265441 
83.00000000000000000000 
1.00000000000000000000 
1.00000000000000000000 
1.00000000000000000000 
0.15684877911738295819 
2.00000000000000000000 
1.61128181865546671325 
1.00085352574724506525 
1.00000000000000000000 
109.09141650610514773234 
0.00000000000000000000 
0.01000000000000000021 
